
1699.6525821596244
950.2275449101796
1130.121212121212
80851.06382978722
840.3898305084746
16.035127223598288
84444.44444444444
2.9958228905597326
2400.688
8843.0
16.95990566037736
10.037735849056604
13.98439531859558
3647.369294605809
13.542857142857143
24.909324758842445
10.622273249138921
13.823731288791528
3.4941934313191796
1.228486646884273
12.414965986394558
2119.0757575757575
3495.035532994924
237500.0
23.93979933110368
1811.6666666666667
12990.5
1799.6470588235295
83.63855421686748
1.8926183892758393
1026.675282714055
4.40497451050427
5340.909090909091
19.580786026200872
1.9576797596446278
2.6520076481835564
21.104199066874028
190000.0
1364.4788732394366
4.874803099993699
0.3630101377696907
1939.357142857143
97326.0
25.40449438202247
797.2919254658384
4475.2
2114.693379790941
2.8431635388739944
7.486175115207374
200000.0