3909242732.000000
10710.000000
578.000000
1138.000000
2426.000000
10190120364.000000
216.000000
8160678804.000000
4188.000000
806.000000
11889066156.000000
96.000000
106.000000
6786486488.000000
3770852772.000000
2941100386.000000
128.000000
7268302022.000000
5460.000000
13975482270.000000
11185895954.000000
298.000000
72.000000
530.000000
108.000000
10255456100.000000
336.000000
28388120552.000000
10309970532.000000
72.000000
21375949868.000000
1394.000000
11682529582.000000
718.000000
958.000000
2609783570.000000
4290574238.000000
6862024722.000000
596.000000
6400633114.000000
256.000000
4438013102.000000
1192.000000
104.000000
21408399296.000000
2418.000000
2753031172.000000
74.000000
5676.000000
3094079206.000000
204.000000
5390.000000
6362899710.000000
5498.000000
15225140002.000000
74.000000
8153333550.000000
3638.000000
2419230862.000000
70.000000
488.000000
3753841318.000000
1970.000000
5502.000000
6234350048.000000
108.000000
52858543932.000000
336.000000
2406879692.000000
4255859750.000000
368.000000
8414868904.000000
3247520350.000000
4364.000000
4694258930.000000
596.000000
3877744420.000000
3385686854.000000
394.000000
3168.000000
856.000000
9110434154.000000
184.000000
2777888572.000000
10196582332.000000
9360611440.000000
96765020182.000000
4523622374.000000
64.000000
290.000000
72.000000
3417238750.000000
4571946618.000000
1952.000000
4235552480.000000
2999909886.000000
4900479848.000000
862.000000
2554153122.000000
13905675966.000000