50
81 93 28581
110 93 16704
33 109 18647
5 7 100000
460 297 49583
1369 512 1874
3 7 100000
4788 19699 7172
159 36 23691
4 144 17686
2270 2307 7191
1007 6381 5054
769 5049 5377
104 63 46264
280 1969 1896
1555 74913 19367
1471 2513 4626
5415 1380 4982
4320 2954 2027
1011 3474 621
294 1767 1825
54 57 22083
119 13 18119
10 1 100000
1794 7861 21474
24 126 21740
4 185 25981
17 74 15297
83 1978 3471
6275 3716 1423
157 77 16724
7562 19271 14280
11 187 29375
1179 147 1062
4369 8314 2795
1046 7535 1387
1286 9467 13570
2 3 100000
71 327 48439
2281 2265 2036
3058 2055 147
28 201 27151
1 443 48663
178 1633 2261
85 120 16890
10 74 22376
232 57 31943
1492 8295 2121
1736 5293 6498
1 8 100000
