100
493757491 1481124249 965017450693309713
154 26 87411
752 730 79168
33 98 18602
31 92 37223
1462599645 319846498 906834535409863382
595 634 25193
691988447 555261573 864077988918379694
553 32 82554
487 443 67110
1786399923 158094400 855689357327601491
1565 4561 73127
973 2842 50410
1126139629 647089518 894508342495118865
1125515116 664708000 507453890842012429
535063095 1604973065 786736728549116381
665 385 10402
1433883550 447436864 787750955102144688
33 98 89229
800546262 272956665 896742797617775000
1211290926 88410595 512712751925991621
613 378 22784
2827 7934 97930
371 1064 94348
975 957 19983
499308643 532030475 996261288289781425
550 1578 88787
495484641 7151667 402210843085978887
2295257585 220921099 982373112369404503
2169 6247 75384
761111013 105658157 784756096729342517
816 200 74291
482736637 93843830 321515393856809439
32 95 11378
544 460 83877
1734613782 2045582220 962055995105741586
1562093984 787989827 710206667163862847
163005719 488932826 559183266057345459
929 477 59833
979016819 636982684 808654796551737773
579 1615 69641
437522441 1312436805 970773704029894853
441 444 97790
1600 4494 78518
1257900650 68321578 939620345604896249
33 98 39517
469894947 1409264635 646635059529038378
1812 5306 66098
98 67 74782
2006137103 1597514825 943793987875592156
776 778 29798
33 98 88085
1816457378 505817419 812334980105680189
33 98 89852
1376566179 91035892 770384685274305335
2484 7030 88516
720081233 414983957 688738900578374969
33 98 59456
791999441 2375590247 957858867105266053
2350 6655 78849
32 95 7734
1216171225 1090800032 766669873354814008
832 90 71289
33 98 89918
643552195 604935247 701063110423807797
948 2715 49407
658785471 4343728 952633147197490663
294 843 47364
438008227 1313768752 527019291820160806
1373510060 622540490 572161482118014075
757 705 48906
1457343694 267228158 677776201672198235
738255985 600562540 371040414937225933
183 12 29315
299531744 898522294 702985720689716178
739 282 38349
229603748 688576241 445028439862180209
547150388 1641188366 926099451023844495
597 226 20709
321 58 56009
768 390 70394
2000587744 233826028 815993757008496654
940 739 26835
509443432 1528256466 707556161166589646
1559186930 221463347 774931405743501130
1843133769 263701663 843771366000969625
128188679 40785985 949582107477224497
1909915922 940914288 899415368936224191
737 834 9996
671 1953 94684
2753 7862 95283
928129717 800485913 515377625126771277
1149499189 687126936 634328815099931849
241 279 98587
445847840 1337447298 944141611925867130
1173666933 1289761310 703576349283407234
425524829 171267598 187395692813895994
614 473 78573
2146841066 2033930796 964557500910087226
230435236 199894147 523219398478941513
